10 74.5 0.13104090683499198
20 33.0 0.113968992458291
30 28.4 0.10915506570448588
40 28.9 0.11299603702445735
50 24.6 0.11058269064308612
60 26.9 0.11084639359225712
70 26.3 0.11120808763361516
80 24.1 0.10984357612717559
90 25.0 0.10998054017488015
100 24.6 0.11249879965660389
110 23.5 0.11093530258965098
120 25.2 0.11423001416606382
130 24.1 0.11119138220730376
140 25.1 0.115897277126079
150 26.7 0.11520481208883529

0.0 1000.0 1.7426208354311192
0.1 103.6 0.11737857414835613
0.2 52.4 0.11573492628446014
0.3 34.9 0.11511985340003453
0.4 28.7 0.11469235501156505
0.5 23.5 0.11106062875551126
0.6 21.6 0.11062291689417067
0.7 19.5 0.1078007493008721
0.8 17.3 0.10958305048797982
0.9 16.9 0.10888576222861328
1.0 17.1 0.10865056207804782

0.0 24.4 0.11163013058347863
0.1 26.5 0.11148506968771635
0.2 25.4 0.11156087061265199
0.3 25.7 0.10974565582131753
0.4 26.2 0.11148595484314767
0.5 24.7 0.11120923706763283
0.6 25.6 0.10883342097428228
0.7 29.1 0.10983272354048657
0.8 28.6 0.11092593945347484
0.9 29.9 0.1105804331111743
1.0 28.9 0.11265625597887388

100 32.0 0.21994384322412713
200 27.3 0.16140184828037335
300 24.6 0.14544324213435952
400 25.0 0.11062365691091103
500 29.8 0.09170073983716348
600 27.1 0.11990245666708346

0.2 28.6 0.11161812281952779
0.4 29.8 0.11172079771209698
0.6 29.0 0.11313770574613642
0.8 29.5 0.1133530416228515
1.0 28.8 0.1117525463649052
1.2 28.8 0.11121801253871377
1.4 30.1 0.11243624988859305
1.6 28.5 0.11389390937686619
1.8 28.2 0.11140735220571545
2.0 29.4 0.11364109806620015
