10 500.0 0.1347564191539876
20 162.0 0.11094172376887237
30 118.6 0.10875657469034428
40 61.3 0.10793138224304404
50 65.4 0.11211900532646493
60 82.8 0.11170644195348353
70 66.0 0.11122919758375441
80 186.2 0.10997786492904708
90 144.4 0.11318545041078946
100 148.7 0.11020918869466403
110 76.1 0.11382884109655426
120 85.9 0.11181532725407824
130 242.8 0.1120985594081368
140 213.7 0.11306288322966809
150 313.8 0.113011917680084

0.0 1000.0 1.5860587233744587
0.1 403.7 0.11536907252086603
0.2 233.5 0.11634783872924157
0.3 197.5 0.11753454611283287
0.4 164.7 0.11346505632664113
0.5 98.5 0.11121905358986799
0.6 60.5 0.11282149223527556
0.7 168.7 0.10714825766924027
0.8 28.0 0.10891144521754444
0.9 127.2 0.1070341686306345
1.0 45.6 0.10873254024465603

0.0 56.2 0.11029582657316125
0.1 94.6 0.11240837336718423
0.2 169.2 0.11045334647293074
0.3 54.2 0.10994376952993971
0.4 50.6 0.10948582032306942
0.5 200.5 0.10815079658867936
0.6 138.6 0.10862590045186024
0.7 163.6 0.10749354889057768
0.8 234.9 0.10859583593867628
0.9 55.3 0.10938289755465644
1.0 161.9 0.11162553966090324

100 377.3 0.21969462009799517
200 140.6 0.16341023552398173
300 116.1 0.1464074356218224
400 182.6 0.11161157401933194
500 217.1 0.09192868032817304
600 61.9 0.12059447064534716

0.2 88.2 0.11308110538922747
0.4 111.0 0.11217692684877885
0.6 88.5 0.11435550211320411
0.8 258.8 0.1119047195139958
1.0 194.4 0.11159714093704012
1.2 157.7 0.11442315577780908
1.4 92.4 0.11341998010157377
1.6 86.8 0.11381087683171387
1.8 130.7 0.11268752428105504
2.0 168.1 0.11143033961804902
