0.8480480954
0.3838686594
0.3207995390
0.2055742348
0.2904381918
0.1407689852
0.1243011500
0.1303915129
0.0635460065
0.0830165761
0.0492417622
0.0640224702
0.0325542114
0.0349330864
0.0287855414
0.0373403951
0.0229636453
0.0217149032
0.0146685973
0.0140218338
0.0137415959
0.0121981030
0.0298486538
0.0112485541
0.0125630666
0.0084650976
0.0070122107
0.0070019923
0.0077872870
0.0060392817
0.0058516889
0.0053123846
0.0042807120
0.0043501755
0.0043778098
0.0036015707
0.0035273923
0.0033702655
0.0035325296
0.0032443591
0.0032122573
0.0031684263
0.0030389913
0.0032391771
0.0029415880
0.0029267400
0.0028648993
0.0028377988
0.0028293893
0.0027619972
0.0027447263
0.0027381055
0.0026775080
0.0026503924
0.0026360126
0.0026212813
0.0025929128
0.0026180648
0.0025463369
0.0025225056
0.0025184418
0.0025306577
0.0024719883
0.0024611487
0.0024752796
0.0024321201
0.0024107987
0.0024130502
0.0023837461
0.0023783250
0.0023639814
0.0023610318
0.0023379392
0.0023313687
0.0023168117
0.0023046398
0.0022970830
0.0022863093
0.0022743576
0.0022654175
0.0022562674
0.0022518798
0.0022396002
0.0022319819
0.0022318020
0.0022151092
0.0022095496
0.0022048791
0.0021939994
0.0021868268
0.0021796232
0.0021718540
0.0021700308
0.0021613512
0.0021543391
0.0021501612
0.0021524815
0.0021352371
0.0021330181
0.0021239997
0.0021267914
0.0021140399
0.0021102600
0.0021065157
0.0020987959
0.0020943193
0.0020904410
0.0020846097
0.0020812188
0.0020779130
0.0020731313
0.0020670615
0.0020635762
0.0020604114
0.0020547113
0.0020517128
0.0020479182
0.0020447687
0.0020403702
0.0020362830
0.0020343922
0.0020286807
0.0020263782
0.0020223055
0.0020192300
0.0020157187
0.0020125955
0.0020100276
0.0020067875
0.0020036481
0.0020007842
0.0019974646
0.0019948592
0.0019943390
0.0019891674
0.0019868397
0.0019839606
0.0019810424
0.0019788542
0.0019774821
0.0019734261
0.0019711562
0.0019687253
0.0019664014
0.0019644863
0.0019621647
0.0019590866
0.0019568473
0.0019547384
0.0019525424
0.0019504045
0.0019481883
0.0019466297
0.0019442894
0.0019420644
0.0019397213
0.0019379049
0.0019357901
0.0019344732
0.0019321172
0.0019300945
0.0019283279
0.0019264279
0.0019249782
0.0019227423
0.0019210916
0.0019192283
0.0019175764
0.0019163596
0.0019143006
0.0019128426
0.0019109557
0.0019095405
0.0019077942
0.0019062169
0.0019047928
0.0019031591
0.0019016949
0.0019004691
0.0018987912
0.0018975550
0.0018958614
0.0018947149
0.0018929058
0.0018918922
0.0018902568
0.0018889086
0.0018876644
0.0018863252
0.0018849820
0.0018835345
0.0018822917
0.0018810786
0.0018799332
0.0018789475
0.0018773522
0.0018763297
0.0018748984
0.0018737812
0.0018726056
0.0018715831
0.0018703427
0.0018694314
0.0018680128
0.0018668897
0.0018658212
0.0018648716
0.0018637037
0.0018628064
0.0018616417
0.0018605119
0.0018595228
0.0018584498
0.0018575570
0.0018567725
0.0018554220
0.0018545084
0.0018536701
0.0018528421
0.0018517277
0.0018506687
0.0018497200
0.0018489219
0.0018479225
0.0018470701
0.0018461538
0.0018452155
0.0018443040
0.0018434797
0.0018427040
0.0018418116
0.0018410121
0.0018400040
0.0018392648
0.0018385379
0.0018376830
0.0018367735
0.0018360706
0.0018351509
0.0018343434
0.0018335919
0.0018328178
0.0018320596
0.0018312922
0.0018305831
0.0018297992
0.0018290354
0.0018283043
0.0018275499
0.0018268373
0.0018261520
0.0018254739
0.0018247461
0.0018240474
0.0018233747
0.0018227242
0.0018220543
0.0018213433
0.0018206452
0.0018199804
0.0018194629
0.0018186499
0.0018180182
0.0018174103
0.0018167610
0.0018161401
0.0018155206
0.0018149020
0.0018143448
0.0018136181
0.0018130618
0.0018124244
0.0018118341
0.0018112626
0.0018106352
0.0018101179
0.0018094901
0.0018089080
0.0018083886
0.0018077664
0.0018072161
0.0018066450
0.0018061065
0.0018055951
0.0018049954
0.0018045146
0.0018039351
0.0018034072
0.0018029148
0.0018024228
0.0018018735
0.0018013546
0.0018007924
0.0018003138
0.0017998119
0.0017992999
0.0017987930
0.0017982960
0.0017977954
0.0017973241
0.0017968306
0.0017963928
0.0017958639
0.0017954012
0.0017949306
0.0017944561
0.0017940142
0.0017935299
0.0017930700
0.0017926204
0.0017921901
0.0017917451
0.0017912652
0.0017908600
0.0017903859
0.0017899593
0.0017895186
0.0017891007
0.0017886620
0.0017882660
0.0017878715
0.0017874809
0.0017869926
0.0017865710
0.0017861661
0.0017857695
0.0017853451
0.0017849455
0.0017845608
0.0017841470
0.0017837851
0.0017833795
0.0017829954
0.0017825828
0.0017822050
0.0017818161
0.0017814441
0.0017810664
0.0017806800
0.0017803136
0.0017799398
0.0017796077
0.0017792063
0.0017788631
0.0017784829
0.0017781156
0.0017777705
0.0017774120
0.0017770545
0.0017767106
0.0017763581
0.0017760138
0.0017756744
0.0017753261
0.0017749949
0.0017746855
0.0017743198
0.0017739819
0.0017736540
0.0017733137
0.0017729860
0.0017726620
0.0017723357
0.0017720185
0.0017717149
0.0017713976
0.0017710595
0.0017707470
0.0017704389
0.0017701240
0.0017698123
0.0017695017
0.0017691995
0.0017688939
0.0017685890
0.0017682935
0.0017679994
0.0017676942
0.0017674106
0.0017671363
0.0017668268
0.0017665223
0.0017662317
0.0017659523
0.0017656626
0.0017653739
0.0017651002
0.0017648189
0.0017645349
0.0017642552
0.0017639887
0.0017637085
0.0017634451
0.0017631555
0.0017628828
0.0017626172
0.0017623471
0.0017620804
0.0017618195
0.0017615505
0.0017613041
0.0017610627
0.0017607790
0.0017605300
0.0017602536
0.0017600012
0.0017597540
0.0017595061
0.0017592650
0.0017589979
0.0017587416
0.0017584956
0.0017582484
0.0017580054
0.0017577698
0.0017575264
0.0017572812
0.0017570426
0.0017568088
0.0017565643
0.0017563289
0.0017560912
0.0017558585
0.0017556287
0.0017553935
0.0017551623
0.0017549312
0.0017547025
0.0017544744
0.0017542527
0.0017540271
0.0017538065
0.0017535798
0.0017533593
0.0017531596
0.0017529528
0.0017527029
0.0017524831
0.0017522709
0.0017520566
0.0017518451
0.0017516255
0.0017514497
0.0017512151
0.0017509956
0.0017507836
0.0017505783
0.0017503701
0.0017501652
0.0017499616
0.0017497585
0.0017495509
0.0017493481
0.0017491492
0.0017489494
0.0017487506
0.0017485510
0.0017483541
0.0017481597
0.0017479630
0.0017477677
0.0017475780
0.0017473857
0.0017471873
0.0017469965
0.0017468061
0.0017466178
0.0017464298
0.0017462458
0.0017460508
0.0017458634
0.0017456855
0.0017454932
0.0017453171
0.0017451307
0.0017449624
0.0017447663
0.0017445838
0.0017444031
0.0017442261
0.0017440475
0.0017438730
0.0017437033
0.0017435213
0.0017433505
0.0017431728
0.0017430029
0.0017428235
0.0017426535
0.0017424813
0.0017423084
0.0017421394
0.0017419760
0.0017418029
0.0017416370
0.0017414689
0.0017413011
0.0017411364
0.0017409727
0.0017408095
0.0017406464
0.0017404832
0.0017403309
0.0017401646
0.0017400062
0.0017398455
0.0017396811
0.0017395274
0.0017393715
0.0017392070
0.0017390506
0.0017388948
0.0017387406
0.0017385845
0.0017384310
0.0017382767
0.0017381245
0.0017379734
0.0017378222
0.0017376707
0.0017375207
0.0017373691
0.0017372261
0.0017370727
0.0017369296
0.0017367777
0.0017366342
0.0017364876
0.0017363452
0.0017361950
0.0017360511
0.0017359071
0.0017357640
0.0017356230
0.0017354788
0.0017353372
0.0017351965
0.0017350565
0.0017349175
0.0017347815
0.0017346395
0.0017345014
0.0017343649
0.0017342313
0.0017340914
0.0017339525
0.0017338170
0.0017336838
0.0017335497
0.0017334143
0.0017332807
0.0017331473
0.0017330157
0.0017328889
0.0017327538
0.0017326269
0.0017324999
0.0017323632
0.0017322329
0.0017321052
0.0017319742
0.0017318458
0.0017317198
0.0017315938
0.0017314697
0.0017313402
0.0017312141
0.0017310901
0.0017309667
0.0017308397
0.0017307160
0.0017305956
0.0017304699
0.0017303490
0.0017302270
0.0017301050
0.0017299845
0.0017298629
0.0017297474
0.0017296251
0.0017295063
0.0017293880
0.0017292686
0.0017291498
0.0017290320
0.0017289147
0.0017287977
0.0017286830
0.0017285667
0.0017284518
0.0017283377
0.0017282227
0.0017281073
0.0017279927
0.0017278829
0.0017277675
0.0017276548
0.0017275430
0.0017274310
0.0017273196
0.0017272081
0.0017270970
0.0017269881
0.0017268780
0.0017267690
0.0017266585
0.0017265506
0.0017264418
0.0017263359
0.0017262280
0.0017261202
0.0017260126
0.0017259065
0.0017258006
0.0017256995
0.0017255905
0.0017254847
0.0017253813
0.0017252771
0.0017251727
0.0017250700
0.0017249652
0.0017248640
0.0017247606
0.0017246572
0.0017245566
0.0017244542
0.0017243523
0.0017242518
0.0017241531
0.0017240518
0.0017239518
0.0017238522
0.0017237527
0.0017236549
0.0017235561
0.0017234583
0.0017233607
0.0017232624
0.0017231651
0.0017230690
0.0017229735
0.0017228763
0.0017227806
0.0017226848
0.0017225889
0.0017224944
0.0017224001
0.0017223057
0.0017222108
0.0017221188
0.0017220250
0.0017219319
0.0017218396
0.0017217468
0.0017216540
0.0017215620
0.0017214701
0.0017213791
0.0017212882
0.0017211976
0.0017211067
0.0017210171
0.0017209274
0.0017208377
0.0017207487
0.0017206586
0.0017205700
0.0017204818
0.0017203932
0.0017203053
0.0017202175
0.0017201305
0.0017200430
0.0017199566
0.0017198704
0.0017197858
0.0017196988
0.0017196142
0.0017195286
0.0017194420
0.0017193578
0.0017192726
0.0017191893
0.0017191041
0.0017190193
0.0017189361
0.0017188526
0.0017187691
0.0017186872
0.0017186042
0.0017185216
0.0017184390
0.0017183579
0.0017182756
0.0017181945
0.0017181138
0.0017180330
0.0017179517
0.0017178721
0.0017177915
0.0017177119
0.0017176329
0.0017175529
0.0017174743
0.0017173946
0.0017173157
0.0017172371
0.0017171598
0.0017170812
0.0017170034
0.0017169258
0.0017168486
0.0017167720
0.0017166954
0.0017166184
0.0017165415
0.0017164658
0.0017163896
0.0017163137
0.0017162388
0.0017161643
0.0017160898
0.0017160132
0.0017159387
0.0017158640
0.0017157901
0.0017157171
0.0017156427
0.0017155684
0.0017154953
0.0017154229
0.0017153505
0.0017152777
0.0017152037
0.0017151316
0.0017150595
0.0017149877
0.0017149159
0.0017148442
0.0017147733
0.0017147021
0.0017146311
0.0017145605
0.0017144900
0.0017144204
0.0017143495
0.0017142800
0.0017142104
0.0017141406
0.0017140716
0.0017140022
0.0017139338
0.0017138650
0.0017137979
0.0017137289
0.0017136600
0.0017135923
0.0017135243
0.0017134580
0.0017133894
0.0017133223
0.0017132553
0.0017131884
0.0017131221
0.0017130552
0.0017129893
0.0017129236
0.0017128575
0.0017127925
0.0017127262
0.0017126604
0.0017125954
0.0017125302
0.0017124655
0.0017124018
0.0017123366
0.0017122720
0.0017122080
0.0017121441
0.0017120804
0.0017120174
0.0017119535
0.0017118901
0.0017118267
0.0017117637
0.0017117011
0.0017116387
0.0017115764
0.0017115139
0.0017114520
0.0017113899
0.0017113280
0.0017112666
0.0017112059
0.0017111446
0.0017110828
0.0017110222
0.0017109612
0.0017109015
0.0017108420
0.0017107811
0.0017107200
0.0017106595
0.0017105997
0.0017105404
0.0017104806
0.0017104211
0.0017103620
0.0017103029
0.0017102438
0.0017101850
0.0017101265
0.0017100683
0.0017100100
0.0017099516
0.0017098936
0.0017098358
0.0017097782
0.0017097204
0.0017096633
0.0017096063
0.0017095499
0.0017094922
0.0017094353
0.0017093786
0.0017093223
0.0017092655
0.0017092093
0.0017091534
0.0017090973
0.0017090414
0.0017089861
0.0017089305
0.0017088748
0.0017088199
0.0017087656
0.0017087101
0.0017086549
0.0017086009
0.0017085467
0.0017084914
0.0017084370
0.0017083828
0.0017083287
0.0017082747
0.0017082209
0.0017081675
0.0017081142
0.0017080607
0.0017080073
0.0017079543
0.0017079019
0.0017078487
0.0017077960
0.0017077439
0.0017076913
0.0017076385
0.0017075863
0.0017075346
0.0017074834
0.0017074311
0.0017073794
0.0017073275
0.0017072761
0.0017072250
0.0017071738
0.0017071226
0.0017070720
0.0017070212
0.0017069708
0.0017069199
0.0017068694
0.0017068191
0.0017067689
0.0017067192
0.0017066688
0.0017066189
0.0017065692
0.0017065197
0.0017064705
0.0017064220
0.0017063730
0.0017063231
0.0017062742
0.0017062252
0.0017061766
0.0017061274
0.0017060790
0.0017060302
0.0017059820
0.0017059339
0.0017058857
0.0017058380
0.0017057903
0.0017057426
0.0017056948
0.0017056473
0.0017055998
0.0017055524
0.0017055052
0.0017054582
0.0017054114
0.0017053645
0.0017053179
0.0017052710
0.0017052249
0.0017051782
0.0017051319
0.0017050856
0.0017050395
0.0017049936
0.0017049481
0.0017049024
0.0017048569
0.0017048109
0.0017047654
0.0017047200
0.0017046752
0.0017046302
0.0017045852
0.0017045402
0.0017044950
0.0017044502
0.0017044053
0.0017043609
0.0017043164
0.0017042718
0.0017042276
0.0017041835
0.0017041395
0.0017040956
0.0017040519
0.0017040079
0.0017039643
0.0017039208
0.0017038777
0.0017038342
0.0017037910
0.0017037477
0.0017037048
0.0017036617
0.0017036188
0.0017035760
0.0017035333
0.0017034910
0.0017034486
0.0017034061
0.0017033639
0.0017033219
0.0017032798
0.0017032376
0.0017031956
0.0017031539
0.0017031125
0.0017030706
0.0017030290
0.0017029876
0.0017029459
0.0017029047
0.0017028635
0.0017028224
0.0017027816
0.0017027404
0.0017026996
0.0017026589
0.0017026182
0.0017025778
0.0017025373
0.0017024972
0.0017024568
0.0017024163
0.0017023763
0.0017023363
0.0017022963
0.0017022564
0.0017022167
0.0017021769
0.0017021374
0.0017020977
0.0017020584
0.0017020191
0.0017019799
0.0017019406
0.0017019016
0.0017018625
0.0017018235
0.0017017847
0.0017017461
0.0017017076
0.0017016687
0.0017016301
0.0017015920
0.0017015535
0.0017015153
0.0017014771
0.0017014394
0.0017014008
0.0017013630
0.0017013251
